&parameters
gridpoints =   192
q0 =   4.0000000000000000E+00
shat =  -1.0000000000000000E+00
s0   =   3.2399999999999998E-02
minor_r=   1.0000000000000000E+00
major_R=   1.0000000000000000E+00
trpeps =   1.7999999999999999E-01
beta =   0.0000000000000000E+00
Lref =   6.2000000000000002E+00
Bref =   5.2999999999999998E+00
my_dpdx =   1.8750000000000000E-01
Cy =   8.3078580701262991E-02
Cxy =   1.0000000000000000E+00
magn_geometry = 'miller'

sign_Ip_CW =   1
sign_Bt_CW =   1
/
  1.0000000000000002E+00  5.7883125170962231E+00 -3.5107025447276632E-02  3.5002036588213116E+01  4.2721007148555863E+00  1.3468335310945477E+01  1.2237135255607410E+00  1.5537335208795102E+00  0.0000000000000000E+00 -1.4328128973424235E-05  2.6895999999984292E+00  5.0840000000000023E+00  0.0000000000000000E+00  6.4607935573408571E-16 -1.0000000000000000E+00  1.0515034319911281E-16
  9.9976660781860360E-01  5.7360953787609272E+00 -6.4026349850240371E-03  3.4408207356986601E+01  4.4393645652908234E+00  1.3469515401643724E+01  1.2236774684321385E+00  1.5537794175883581E+00  0.0000000000000000E+00 -2.2044199819452343E-03  2.6897542036631754E+00  5.0841457392036764E+00  0.0000000000000000E+00 -5.5155218245557552E-02 -9.9986932487643232E-01 -5.2861660104581111E-03
  9.9906385357079897E-01  5.6812480199797530E+00  2.2323281961024594E-02  3.3805347305608905E+01  4.6054194071849945E+00  1.3477126677499031E+01  1.2235691561366946E+00  1.5540725086759171E+00  0.0000000000000000E+00 -4.4174244209288687E-03  2.6902174680545574E+00  5.0845835491364575E+00  0.0000000000000000E+00 -1.1029915234547798E-01 -9.9947568590894775E-01 -1.0592837397408201E-02
  9.9788408051376254E-01  5.6238141661934637E+00  5.1075767197878229E-02  3.3194200645677583E+01  4.7703308270040559E+00  1.3491292992610672E+01  1.2233881671698958E+00  1.5546191673713694E+00  0.0000000000000000E+00 -6.6476326252372445E-03  2.6909917500622225E+00  5.0853152034333577E+00  0.0000000000000000E+00 -1.6542034954132609E-01 -9.9881428637247227E-01 -1.5940629651305663E-02
  9.9621445346177884E-01  5.5638104918410267E+00  7.9859508976406895E-02  3.2575359020222407E+01  4.9341896309003541E+00  1.3512223675889397E+01  1.2231337963353444E+00  1.5554294762719616E+00  0.0000000000000000E+00 -8.9037518912501185E-03  2.6920803273197964E+00  5.0863436716204626E+00  0.0000000000000000E+00 -2.2050701790799765E-01 -9.9787705520828607E-01 -2.1350377855011895E-02
  9.9403690854206772E-01  5.5012278332926137E+00  1.0867859751383674E-01  3.1949276324838486E+01  5.0971116889483543E+00  1.3540216783493435E+01  1.2228050515568276E+00  1.5565178476536468E+00  0.0000000000000000E+00 -1.1194600971078500E-02  2.6934878195842367E+00  5.0876731367291237E+00  0.0000000000000000E+00 -2.7554685086331615E-01 -9.9665257195466272E-01 -2.6843245403504044E-02
  9.9132809762834284E-01  5.4360323696220121E+00  1.3753629507662743E-01  3.1316283033115205E+01  5.2592383444579092E+00  1.3575663542083909E+01  1.2224006503951146E+00  1.5579031800071408E+00  0.0000000000000000E+00 -1.3529159158057819E-02  2.6952202141985584E+00  5.0893090158477214E+00  0.0000000000000000E+00 -3.3052684877985911E-01 -9.9512596853491475E-01 -3.2440828563724523E-02
  9.8805922170710903E-01  5.3681663120045124E+00  1.6643489762631872E-01  3.0676598089831696E+01  5.4207384530006220E+00  1.3619055982612483E+01  1.2219190125682795E+00  1.5596091324667989E+00  0.0000000000000000E+00 -1.5916592646273472E-02  2.6972849126586578E+00  5.0912579988552205E+00  0.0000000000000000E+00 -3.8543312625595971E-01 -9.9327873032644687E-01 -3.8165261544007872E-02
  9.8419599810863445E-01  5.2975492867903169E+00  1.9537557847342735E-01  3.0030344054861189E+01  5.5818102452696472E+00  1.3670994157726938E+01  1.2213582551679938E+00  1.5616643630106239E+00  0.0000000000000000E+00 -1.8366284549107822E-02  2.6996907694970442E+00  5.0935280793506514E+00  0.0000000000000000E+00 -4.4025071722696751E-01 -9.9108856288491509E-01 -4.4039311972347575E-02
  9.7969850343877574E-01  5.2240791916771556E+00  2.2435839646196676E-01  2.9377559843761116E+01  5.7426854665804843E+00  1.3732197455346521E+01  1.2207161838908938E+00  1.5641029081467197E+00  0.0000000000000000E+00 -2.0887866780088912E-02  2.7024481527222077E+00  5.0961286039628062E+00  0.0000000000000000E+00 -4.9496336172738831E-01 -9.8852913576776325E-01 -5.0086473099192549E-02
  9.7452110351420895E-01  5.1476335630405687E+00  2.5338236498615863E-01  2.8718216048889605E+01  5.9036342932605592E+00  1.3803517296685259E+01  1.2199902848578645E+00  1.5669645807230042E+00  0.0000000000000000E+00 -2.3491226730892333E-02  2.7055690075669867E+00  5.0990703233759360E+00  0.0000000000000000E+00 -5.4955327942252497E-01 -9.8556984380160606E-01 -5.6331045694197307E-02
  9.6861243727788349E-01  5.0680712381058113E+00  2.8244563226285135E-01  2.8052231569668095E+01  6.0649715197848115E+00  1.3885952023843563E+01  1.2191777169898697E+00  1.5702954174118813E+00  0.0000000000000000E+00 -2.6186523707116542E-02  2.7090669229837623E+00  5.1023654446213254E+00  0.0000000000000000E+00 -6.0400093432198620E-01 -9.8217555816718383E-01 -6.2798204470096985E-02
  9.6191536509936026E-01  4.9852340602153458E+00  3.1154597953664392E-01  2.7379491280980222E+01  6.2270660872130073E+00  1.3980667169518403E+01  1.2182753012008498E+00  1.5741482620518494E+00  0.0000000000000000E+00 -2.8984183748938828E-02  2.7129572204845376E+00  5.1060277015770552E+00  0.0000000000000000E+00 -6.5828476500669209E-01 -9.7830627378923740E-01 -6.9514052952152530E-02
  9.5436713636721870E-01  4.8989495834518895E+00  3.4068140743191083E-01  2.6699867873871270E+01  6.3903511808208693E+00  1.4089016670277520E+01  1.2172795140106012E+00  1.5785833193111458E+00  0.0000000000000000E+00 -3.1894877814598391E-02  2.7172570302321697E+00  5.1100724125048851E+00  0.0000000000000000E+00 -7.1238091719771635E-01 -9.7391684680393087E-01 -7.6505647786489120E-02
  9.4589959588572570E-01  4.8090341545350057E+00  3.6985108921853871E-01  2.6013246192901992E+01  6.5553381324501938E+00  1.4212570682558574E+01  1.2161864787444316E+00  1.5836688588067291E+00  0.0000000000000000E+00 -3.4929489499822830E-02  2.7219853891434402E+00  5.1145165549178762E+00  0.0000000000000000E+00 -7.6626293795464895E-01 -9.6895665230791628E-01 -8.3801000870384806E-02
  9.3643958033003216E-01  4.7152969752491458E+00  3.9905684538527014E-01  2.5319552404036664E+01  6.7226342017618332E+00  1.4353148448990513E+01  1.2149919596389045E+00  1.5894819540795579E+00  0.0000000000000000E+00 -3.8099050771533090E-02  2.7271633366785193E+00  5.1193788359072645E+00  0.0000000000000000E+00 -8.1990145321124175E-01 -9.6336925143787677E-01 -9.1429037492669646E-02
  9.2590958241563981E-01  4.6175453558806341E+00  4.2830490864407195E-01  2.4618788132097478E+01  6.8929628095945770E+00  1.4512855901701474E+01  1.2136913594225698E+00  1.5961092578703076E+00  0.0000000000000000E+00 -4.1414653566189404E-02  2.7328140071660076E+00  5.1246797568249436E+00  0.0000000000000000E+00 -8.7326383671657914E-01 -9.5709213269232873E-01 -9.9419507378049526E-02
  9.1422865511298546E-01  4.5155912860634917E+00  4.5760845040743869E-01  2.3911071544135403E+01  7.0671903209288347E+00  1.4694134017381716E+01  1.2122797172559070E+00  1.6036479295552428E+00  0.0000000000000000E+00 -4.4887327705913770E-02  2.7389627401757708E+00  5.1304416899391310E+00  0.0000000000000000E+00 -9.2631382842121124E-01 -9.5005642357322195E-01 -1.0780283908558375E-01
  9.0131372528411058E-01  4.4092596373338244E+00  4.8699083801788723E-01  2.3196684664867174E+01  7.2463571434818936E+00  1.4899812472013156E+01  1.2107517154461505E+00  1.6122064853498475E+00  0.0000000000000000E+00 -4.8527870289336549E-02  2.7456371628081122E+00  5.1366889272749852E+00  0.0000000000000000E+00 -9.7901117319029718E-01 -9.4218674478868825E-01 -1.1660991135363435E-01
  8.8708133752310059E-01  4.2983983918194735E+00  5.1648985724272811E-01  2.2476130189596645E+01  7.4317166986314120E+00  1.5133177095556587E+01  1.2091016890265258E+00  1.6219057759978428E+00  0.0000000000000000E+00 -5.2346637660503757E-02  2.7528672847224778E+00  5.1434477354999864E+00  0.0000000000000000E+00 -1.0313112104640965E+00 -9.3340112215443294E-01 -1.2587173961409093E-01
  8.7144995152052995E-01  4.1828910348059773E+00  5.4616295036750295E-01  2.1750196622149321E+01  7.6247813799326227E+00  1.5398048948229309E+01  1.2073236446890991E+00  1.6328799380641470E+00  0.0000000000000000E+00 -5.6353273450385079E-02  2.7606855711447076E+00  5.1507463865770067E+00  0.0000000000000000E+00 -1.0831644719831910E+00 -9.2361108103488188E-01 -1.3561904949050738E-01
  8.5434283608378392E-01  4.0626711939812266E+00  5.7609369401570143E-01  2.1020031820631942E+01  7.8273765909513688E+00  1.5698876271690569E+01  1.2054112899637797E+00  1.6452772589230051E+00  0.0000000000000000E+00 -6.0556383620336329E-02  2.7691269898074067E+00  5.1586151605065815E+00  0.0000000000000000E+00 -1.1345162922213943E+00 -9.1272195667330902E-01 -1.4588172744441158E-01
  8.3569173779303307E-01  3.9377403939730620E+00  6.0639996201942181E-01  2.0287229469993878E+01  8.0417075401002887E+00  1.6040849804017331E+01  1.2033580721053334E+00  1.6592610713769353E+00  0.0000000000000000E+00 -6.4963138148012023E-02  2.7782290503237523E+00  5.1670863332271857E+00  0.0000000000000000E+00 -1.1853063869527323E+00 -9.0063343349022040E-01 -1.5668811241873418E-01
  8.1544123148660530E-01  3.8081877177333747E+00  6.3724334704146568E-01  1.9553919720823409E+01  8.2704328408341716E+00  1.6430029952441913E+01  1.2011572338129011E+00  1.6750102905417172E+00  0.0000000000000000E+00 -6.9578806987145969E-02  2.7880317783296253E+00  5.1761941029707543E+00  0.0000000000000000E+00 -1.2354685190091055E+00 -8.8724049105687353E-01 -1.6806414084739990E-01
  7.9355395860094535E-01  3.6742125870796318E+00  6.6884061232305447E-01  1.8822871329212870E+01  8.5167532233878109E+00  1.6873503876007412E+01  1.1988018828020599E+00  1.6927197976388406E+00  0.0000000000000000E+00 -7.4406248724547402E-02  2.7985776647884295E+00  5.1859744852401199E+00  0.0000000000000000E+00 -1.2849301583534087E+00 -8.7243472539184097E-01 -1.8003229871748649E-01
  7.7001657854939520E-01  3.5361490945601313E+00  7.0147660729975958E-01  1.8097595294429642E+01  8.7845099510982916E+00  1.7379565182297110E+01  1.1962850805225016E+00  1.7126003100390821E+00  0.0000000000000000E+00 -7.9445325390389329E-02  2.8099115438099727E+00  5.1964651385658254E+00  0.0000000000000000E+00 -1.3336122425490278E+00 -8.5610619793600329E-01 -1.9261039538746999E-01
  7.4484625940239646E-01  3.3944909615528331E+00  7.3551852357317316E-01  1.7382445710820495E+01  9.0782919326543503E+00  1.7957915910657960E+01  1.1935999494683269E+00  1.7348775210209513E+00  0.0000000000000000E+00 -8.4692307813710233E-02  2.8220803940848276E+00  5.2077051175082874E+00  0.0000000000000000E+00 -1.3814290495023795E+00 -8.3814584219490074E-01 -2.0581018475707197E-01
  7.1809785674445648E-01  3.2499175748630384E+00  7.7143205513918578E-01  1.6682720000510599E+01  9.4035580083845289E+00  1.8619908191034096E+01  1.1907398020228708E+00  1.7597903420814922E+00  0.0000000000000000E+00 -9.0139242464488858E-02  2.8351330681178846E+00  5.2197345513848372E+00  0.0000000000000000E+00 -1.4282881552083122E+00 -8.1844853337612611E-01 -2.1963577491375985E-01
  6.8987070418362306E-01  3.1033157526486361E+00  8.0979702186737823E-01  1.6004732121572406E+01  9.7667543688264900E+00  1.9378792189019407E+01  1.1876982866410282E+00  1.7875875760417987E+00  0.0000000000000000E+00 -9.5773400873084946E-02  2.8491199031528152E+00  5.2325942201169502E+00  0.0000000000000000E+00 -1.4740906353636947E+00 -7.9691676888869001E-01 -2.3408201429589107E-01
  6.6031526654444561E-01  2.9557985621272440E+00  8.5132352520614796E-01  1.5355866630273237E+01  1.0175438393351264E+01  2.0249996959198182E+01  1.1844695538010732E+00  1.8185226960798699E+00  0.0000000000000000E+00 -1.0157677655688666E-01  2.8640922393365891E+00  5.2463250399264334E+00  0.0000000000000000E+00 -1.5187314164228967E+00 -7.7346503227674757E-01 -2.4913276596257222E-01
  6.2963841004719989E-01  2.8087154751609327E+00  8.9686584236933309E-01  1.4744586521067394E+01  1.0638386142145249E+01  2.1251405651519494E+01  1.1810484349758994E+00  1.8528457637950748E+00  0.0000000000000000E+00 -1.0752575199600743E-01  2.8801018125240128E+00  5.2609674413476037E+00  0.0000000000000000E+00 -1.5620999086359637E+00 -7.4802469344352618E-01 -2.6475928264569681E-01
  5.9810651908149404E-01  2.6636510658910684E+00  9.4743238144467301E-01  1.4180383422845516E+01  1.1165669611866168E+01  2.2403599400446048E+01  1.1774306262970544E+00  1.8907917132255463E+00  0.0000000000000000E+00 -1.1359099074111578E-01  2.8972000379282337E+00  5.2765606572623351E+00  0.0000000000000000E+00 -1.6040809192477741E+00 -7.2054920270075584E-01 -2.8091881467123025E-01
  5.6604614729507385E-01  2.5224109549306153E+00  1.0041909961951774E+00  1.3673662826669899E+01  1.1768694794142831E+01  2.3730054079186143E+01  1.1736128798391678E+00  1.9325634342511075E+00  0.0000000000000000E+00 -1.1973756883336188E-01  2.9154371757972966E+00  5.2931419083864997E+00  0.0000000000000000E+00 -1.6445558441422530E+00 -6.9101960031685838E-01 -2.9755345944255096E-01
  5.3384026972141374E-01  2.3869881796442964E+00  1.0684641534690198E+00  1.3235533364765594E+01  1.2460146646855659E+01  2.5257170460365263E+01  1.1695931731141518E+00  1.9783089163713294E+00  0.0000000000000000E+00 -1.2592546615934566E-01  2.9348614197486582E+00  5.3107455453672188E+00  0.0000000000000000E+00 -1.6834042022133677E+00 -6.5944946591664599E-01 -3.1458969551700428E-01
  5.0192077715207029E-01  2.2595129613698925E+00  1.1417145827417747E+00  1.2877506459532693E+01  1.3253826931485854E+01  2.7014091814596085E+01  1.1653708689495081E+00  2.0280901289292275E+00  0.0000000000000000E+00 -1.3211037867006248E-01  2.9555179032855228E+00  5.3294021292781437E+00  0.0000000000000000E+00 -1.7205054288082950E+00 -6.2588946855440097E-01 -3.3193847381758812E-01
  4.7075580514836179E-01  2.1421812699480753E+00  1.2255151234655761E+00  1.2611077942422186E+01  1.4164310897105008E+01  2.9032132035489553E+01  1.1609468358777510E+00  2.0818434667172916E+00  0.0000000000000000E+00 -1.3824489162252121E-01  2.9774476917608692E+00  5.3491375303397346E+00  0.0000000000000000E+00 -1.7557409506495583E+00 -5.9043053113613542E-01 -3.4949621380387741E-01
  4.4083280768509875E-01  2.0371672229943689E+00  1.3215018705999351E+00  1.2447200832862121E+01  1.5206372598111521E+01  3.1343654729076317E+01  1.1563235241719707E+00  2.1393318900562401E+00  0.0000000000000000E+00 -1.4427989777703232E-01  3.0006868096797059E+00  5.3699720898448744E+00  0.0000000000000000E+00 -1.7889964094199309E+00 -5.5320526680203985E-01 -3.6714672587657982E-01
  4.1263795914237922E-01  1.9465210024763202E+00  1.4313072119881713E+00  1.2395631051235343E+01  1.6394098578488315E+01  3.3980187663643548E+01  1.1515050028846718E+00  2.2000886269522133E+00  0.0000000000000000E+00 -1.5016621900348825E-01  3.0252653031832839E+00  5.3919198404383168E+00  0.0000000000000000E+00 -1.8201640226253013E+00 -5.1438760832296981E-01 -3.8476399035377284E-01
  3.8663347802002007E-01  1.8720611588081233E+00  1.5564717758024025E+00  1.2464177775189761E+01  1.7739646803710542E+01  3.6969606803582799E+01  1.1464969258900299E+00  2.2633619428492966E+00  0.0000000000000000E+00 -1.5585628031687399E-01  3.0512065009427864E+00  5.4149879479634402E+00  0.0000000000000000E+00 -1.8491448395493844E+00 -4.7418967156656067E-01 -4.0221586144378874E-01
  3.6323467773265306E-01  1.8152655142679810E+00  1.6983335670931270E+00  1.2657849032145439E+01  1.9251601396701037E+01  4.0332255512623682E+01  1.1413064590453577E+00  2.3280654333915307E+00  0.0000000000000000E+00 -1.6130571302495833E-01  3.0785264027741528E+00  5.4391762917793285E+00  0.0000000000000000E+00 -1.8758509031348467E+00 -4.3285660206466725E-01 -4.1936831471243297E-01
  3.4278904747739769E-01  1.7771715141661788E+00  1.8578978973495992E+00  1.2977961984730808E+01  2.0932997530919970E+01  4.4076139067330402E+01  1.1359421485392793E+00  2.3927523841174998E+00  0.0000000000000000E+00 -1.6647477556112539E-01  3.1072333343960250E+00  5.4644773166175620E+00  0.0000000000000000E+00 -1.9002070824052748E+00 -3.9065902414112541E-01 -4.3609007171266401E-01
  3.2555981974388970E-01  1.7582961303158728E+00  2.0356987925318926E+00  1.3421315485502548E+01  2.2779232346431783E+01  4.8191721645224419E+01  1.1304137489529755E+00  2.4556305916202961E+00  0.0000000000000000E+00 -1.7132940753047854E-01  3.1373278684771142E+00  5.4908761429160773E+00  0.0000000000000000E+00 -1.9221524641952004E+00 -3.4788389112195739E-01 -4.5225716792630527E-01
  3.1171471917783133E-01  1.7585770277966357E+00  2.2316565147373697E+00  1.3979498803406583E+01  2.4776089796967941E+01  5.2646953664379225E+01  1.1247320279377802E+00  2.5146297237226007E+00  0.0000000000000000E+00 -1.7584198364100401E-01  3.1688029589264577E+00  5.5183508800275272E+00  0.0000000000000000E+00 -1.9416413488257045E+00 -3.0482434116643625E-01 -4.6775721441838836E-01
  3.0132255989884915E-01  1.7773525789179456E+00  2.4449626795493771E+00  1.4638594656712367E+01  2.6898512932406675E+01  5.7384126362071818E+01  1.1189085440689253E+00  2.5675313251494463E+00  0.0000000000000000E+00 -1.7999165307682555E-01  3.2016444016270604E+00  5.5468732362336572E+00  0.0000000000000000E+00 -1.9586435402883182E+00 -2.6176931369139916E-01 -4.8249282521489179E-01
  2.9435556334091600E-01  1.8133716666391841E+00  2.6739983711770741E+00  1.5379314573917739E+01  2.9110373338609350E+01  6.2319289257290549E+01  1.1129554255766603E+00  2.6121448834448922E+00  0.0000000000000000E+00 -1.8376435526634177E-01  3.2358314509647612E+00  5.5764092606110847E+00  0.0000000000000000E+00 -1.9731442257769569E+00 -2.1899373386954088E-01 -4.9638415797612112E-01
  2.9069878623190393E-01  1.8648500972321789E+00  2.9163283974091456E+00  1.6177778740595684E+01  3.1365758285941634E+01  6.7345438787627543E+01  1.1068851525576511E+00  2.6465057276083557E+00  0.0000000000000000E+00 -1.8715247577755301E-01  3.2713376389905608E+00  5.6069202518176215E+00  0.0000000000000000E+00 -1.9851432422641480E+00 -1.7675005178294001E-01 -5.0937035956176846E-01
  2.9016396779759018E-01  1.9295615196934901E+00  3.1687702127659088E+00  1.7006835492788589E+01  3.3611634404000228E+01  7.2339171328751789E+01  1.1007103536481997E+00  2.6690500373437542E+00  0.0000000000000000E+00 -1.9015434022293687E-01  3.3081317046524932E+00  5.6383637412027463E+00  0.0000000000000000E+00 -1.9946538976918007E+00 -1.3526164039922606E-01 -5.2140982860482887E-01
  2.9250603963938038E-01  2.0049568329052008E+00  3.4275387508392092E+00  1.7837780869967627E+01  3.5791548349391384E+01  7.7169837703765253E+01  1.0944436224530751E+00  2.6787375291132425E+00  0.0000000000000000E+00 -1.9277354440545280E-01  3.3461785523151297E+00  5.6706944800131494E+00  0.0000000000000000E+00 -2.0017015111773686E+00 -9.4718061924780744E-02 -5.3247959041814852E-01
  2.9744126169273294E-01  2.0883040909242010E+00  3.6884584461724765E+00  1.8642234097653841E+01  3.7849765955710119E+01  8.1709615157351266E+01  1.0880973592544252E+00  2.6750928781036194E+00  0.0000000000000000E+00 -1.9501813987903843E-01  3.3854402386782416E+00  5.7038654165643594E+00  0.0000000000000000E+00 -2.0063215962603231E+00 -5.5272817377370900E-02 -5.4257365238633293E-01
  3.0466437152899062E-01  2.1768289565301635E+00  3.9472034431994203E+00  1.9393877516400604E+01  3.9735134000444994E+01  8.5842709176767954E+01  1.0816836372937764E+00  2.6581790706803092E+00  0.0000000000000000E+00 -1.9689987771425205E-01  3.4258768766906673E+00  5.7378285771208031E+00  0.0000000000000000E+00 -2.0085580160935166E+00 -1.7042745784200144E-02 -5.5170092485749866E-01
  3.1386425095407983E-01  2.2678449121099273E+00  4.1995391245279725E+00  2.0069841730456812E+01  4.1404123964913857E+01  8.9472360796121379E+01  1.0752140967343151E+00  2.6285121977859260E+00  0.0000000000000000E+00 -1.9843332139657904E-01  3.4674474639078348E+00  5.7725358489320033E+00  0.0000000000000000E+00 -2.0084610459519565E+00  1.9890698121034781E-02 -5.5988267427577143E-01
  3.2473682472711557E-01  2.3588586464885459E+00  4.4415287598374338E+00  2.0651594548650259E+01  4.2822727375613951E+01  9.2524946690097408E+01  1.0686998660784579E+00  2.5869482212282988E+00  0.0000000000000000E+00 -1.9963512260239175E-01  3.5101105795661987E+00  5.8079396229860132E+00  0.0000000000000000E+00 -2.0060855115851299E+00  5.5478888809230645E-02 -5.6714982762283783E-01
  3.3699512419351457E-01  2.4476483804593134E+00  4.6696941630846718E+00  2.1125374806319087E+01  4.3967302942278039E+01  9.4951502358203172E+01  1.0621515032435376E+00  2.5345673035934224E+00  0.0000000000000000E+00 -2.0052330462302867E-01  3.5538249558113653E+00  5.8439933113195028E+00  0.0000000000000000E+00 -2.0014890615359180E+00  8.9702766014190791E-02 -5.7354036286443155E-01
  3.5037620687938353E-01  2.5323088053890785E+00  4.8811134805866008E+00  2.1482151358372061E+01  4.4824357258452295E+01  9.6726728003983425E+01  1.0555789645706486E+00  2.4725686425228250E+00  0.0000000000000000E+00 -2.0111661801861463E-01  3.5985499060624973E+00  5.8806517150073265E+00  0.0000000000000000E+00 -1.9947305850834915E+00  1.2256879676112190E-01 -5.7909680827564258E-01
  3.6464557154000710E-01  2.6112710344774803E+00  5.0734685157780657E+00  2.1717306584360614E+01  4.5389721345688216E+01  9.7846644981406016E+01  1.0489915878130669E+00  2.4021877664167675E+00  0.0000000000000000E+00 -2.0143398669598389E-01  3.6442456221169133E+00  5.9178712746759556E+00  0.0000000000000000E+00 -1.9858688414511636E+00  1.5410501831469176E-01 -5.8386405588290713E-01
  3.7959914950159684E-01  2.6832980466147291E+00  5.2450424049046003E+00  2.1830086276050235E+01  4.5667237994117890E+01  9.8325216531375006E+01  1.0423980954884056E+00  2.3246357250800482E+00  0.0000000000000000E+00 -2.0149403079078754E-01  3.6908733414075061E+00  5.9556101962641250E+00  0.0000000000000000E+00 -1.9749612819636770E+00  1.8435700314109099E-01 -5.8788745209346815E-01
  3.9506347831687860E-01  2.7474636903542304E+00  5.3946829461690609E+00  2.1822953851923820E+01  4.5667272997168148E+01  9.8190680839124838E+01  1.0358066122568310E+00  2.2410593330763389E+00  0.0000000000000000E+00 -2.0131467437575851E-01  3.7383953982984588E+00  5.9938284737210727E+00  0.0000000000000000E+00 -1.9620630835243609E+00  2.1338412834130627E-01 -5.9121122706790086E-01
  4.1089471276441275E-01  2.8031224663567360E+00  5.5217460412367423E+00  2.1700933989613585E+01  4.5405234701324332E+01  9.7482008099860820E+01  1.0292246907736702E+00  2.1525172934525507E+00  0.0000000000000000E+00 -2.0091282109527064E-01  3.7867751793219311E+00  6.0324878342981414E+00  0.0000000000000000E+00 -1.9472263486885431E+00  2.4125626557893021E-01 -5.9387721054209153E-01
  4.2697645763569864E-01  2.8498710479412641E+00  5.6260223476110554E+00  2.1470966409004660E+01  4.4900152858266495E+01  9.6245595134438503E+01  1.0226593521487151E+00  2.0599695125189221E+00  0.0000000000000000E+00 -2.0030410850516703E-01  3.8359769794287302E+00  6.0715515948119094E+00  0.0000000000000000E+00 -1.9304995070367104E+00  2.6805081549585974E-01 -5.9592384957635058E-01
  4.4321732110721512E-01  2.8875103976691201E+00  5.7076642809471494E+00  2.1141345195510496E+01  4.4173464696783405E+01  9.4532497176682853E+01  1.0161171285060011E+00  1.9642740589957850E+00  0.0000000000000000E+00 -1.9950271080072460E-01  3.8859657894564128E+00  6.1109844732348559E+00  0.0000000000000000E+00 -1.9119268330152774E+00  2.9385027021871735E-01 -5.9738543295212110E-01
  4.5954803402549294E-01  2.9160073387333845E+00  5.7671121548511515E+00  2.0721227338861077E+01  4.3247974098783217E+01  9.2396108951174313E+01  1.0096041142912597E+00  1.8661902785449431E+00  0.0000000000000000E+00 -1.9852119891556175E-01  3.9367070093955023E+00  6.1507523409093334E+00  0.0000000000000000E+00 -1.8915481124928410E+00  3.1874015821304946E-01 -5.9829152615665970E-01
  4.7591855320645615E-01  2.9354593886837685E+00  5.8050268916865519E+00  2.0220232370982046E+01  4.2147020862209033E+01  8.9890353361211552E+01  1.0031260207820742E+00  1.7663851669553368E+00  0.0000000000000000E+00 -1.9737043988634762E-01  3.9881661047447081E+00  6.1908219374705276E+00  0.0000000000000000E+00 -1.8693984167020106E+00  3.4280740608709681E-01 -5.9866655741527675E-01
  4.9229533125410768E-01  2.9460638176811056E+00  5.8222311608447708E+00  1.9648123559235621E+01  4.0893831980194875E+01  8.7068296167541206E+01  9.9668823184116184E-01  1.6654410636697508E+00  0.0000000000000000E+00 -1.9605952567416099E-01  4.0403082046255161E+00  6.2311605535542016E+00  0.0000000000000000E+00 -1.8455079361725955E+00  3.6613904343072989E-01 -5.9852948122585137E-01
  5.0865863391253185E-01  2.9480901745276493E+00  5.8196579200251790E+00  1.9014563038714073E+01  3.9511039558606825E+01  8.3981147998657974E+01  9.9029586425878524E-01  1.5638648775145196E+00  0.0000000000000000E+00 -1.9459572470501618E-01  4.0930976541697079E+00  6.2717356810148530E+00  0.0000000000000000E+00 -1.8199019298493502E+00  3.8882120791122315E-01 -5.9789356471674893E-01
  5.2500019056861968E-01  2.9418577477045371E+00  5.7983087295587712E+00  1.8328930944271974E+01  3.8020334075699580E+01  8.0677566397010125E+01  9.8395382700503187E-01  1.4620966334608427E+00  0.0000000000000000E+00 -1.9298444557022026E-01  4.1464975067655168E+00  6.3125146364275118E+00  0.0000000000000000E+00 -1.7926006857294901E+00  4.1093838468636273E-01 -5.9676615914245756E-01
  5.4132102513528846E-01  2.9277166805578019E+00  5.7592196152384814E+00  1.7600198549906441E+01  3.6442233957529105E+01  7.7203215931790794E+01  9.7766688298633753E-01  1.3605181596648883E+00  0.0000000000000000E+00 -1.9122921394520470E-01  4.2004689708404790E+00  6.3534641581121054E+00  0.0000000000000000E+00 -1.7636195562711889E+00  4.3257284550339914E-01 -5.9514852517058603E-01
  5.5762954725724190E-01  2.9060329048078470E+00  5.7034345588483690E+00  1.6836845377795669E+01  3.4795945988847507E+01  7.3600523132622271E+01  9.7143971090808856E-01  1.2594610836577962E+00  0.0000000000000000E+00 -1.8933164983426193E-01  4.2549708060578695E+00  6.3945499794793283E+00  0.0000000000000000E+00 -1.7329690262313713E+00  4.5380423303357309E-01 -5.9303564716875257E-01
  5.7393988352103742E-01  2.8771762153747567E+00  5.6319851655143420E+00  1.6046807182643729E+01  3.3099287080630866E+01  6.9908558483888342E+01  9.6527696815388531E-01  1.1592139725687314E+00  0.0000000000000000E+00 -1.8729143214426866E-01  4.3099586420799278E+00  6.4357363640481511E+00  0.0000000000000000E+00 -1.7006547874614941E+00  4.7470922606212723E-01 -5.9041599000264799E-01
  5.9027035431788011E-01  2.8415110762612992E+00  5.5458758946202682E+00  1.5237455042833883E+01  3.1368670296395180E+01  6.6163054493926438E+01  9.5918335460902571E-01  1.0600291281902097E+00  0.0000000000000000E+00 -1.8510627391182671E-01  4.3653842639792888E+00  6.4769856238367902E+00  0.0000000000000000E+00 -1.6666778842977443E+00  4.9536128853855321E-01 -5.8727127884195762E-01
  6.0664215008326350E-01  2.7993896861662595E+00  5.4460735535216482E+00  1.4415588666517310E+01  2.9619115055439522E+01  6.2396466501789376E+01  9.5316367803280810E-01  9.6212834419800064E-01  0.0000000000000000E+00 -1.8277186842985133E-01  4.4211947920388859E+00  6.5182575850318294E+00  0.0000000000000000E+00 -1.6310348424570691E+00  5.1583040731045560E-01 -5.8357617225806613E-01
  6.2307809659009594E-01  2.7511469148427135E+00  5.3335004801123578E+00  1.3587447032847509E+01  2.7864291352454298E+01  5.8638102132528083E+01  9.4722292076805381E-01  8.6570822168552242E-01  0.0000000000000000E+00 -1.8028184338967354E-01  4.4773318078085760E+00  6.5595090266722789E+00  0.0000000000000000E+00 -1.5937178573709161E+00  5.3618282435140296E-01 -5.7929792105705991E-01
  6.3960151020599532E-01  2.6970968109726385E+00  5.2090307042247233E+00  1.2758728218570715E+01  2.6116579372840228E+01  5.4914277240030863E+01  9.4136630804689891E-01  7.7094485200871787E-01  0.0000000000000000E+00 -1.7762768688716835E-01  4.5337303967671705E+00  6.6006930775442898E+00  0.0000000000000000E+00 -1.5547150108989736E+00  5.5648071418238176E-01 -5.7439597654791796E-01
  6.5623508459417390E-01  2.6375302183101326E+00  5.0734881416039510E+00  1.1934613188876011E+01  2.4387133363302372E+01  5.1248474351262836E+01  9.3559938050131275E-01  6.7799792608214016E-01  0.0000000000000000E+00 -1.7479866781264763E-01  4.5903180573669697E+00  6.6417585417733234E+00  0.0000000000000000E+00 -1.5140105134830359E+00  5.7678174536043270E-01 -5.6882151203971532E-01
  6.7299978328888121E-01  2.5727135621640476E+00  4.9276469245711016E+00  1.1119797582176240E+01  2.2685960199368729E+01  4.7661529153285279E+01  9.2992806621018198E-01  5.8701449527216010E-01  0.0000000000000000E+00 -1.7178175978970553E-01  4.6470135829305548E+00  6.6826492144661112E+00  0.0000000000000000E+00 -1.4715850323652846E+00  5.9713854736958361E-01 -5.6251697885132068E-01
  6.8991367453881880E-01  2.5028882032443756E+00  4.7722326153215153E+00  1.0318520747924889E+01  2.1021988041373156E+01  4.4171789538056004E+01  9.2435875914169696E-01  4.9813222303246940E-01  0.0000000000000000E+00 -1.6856154218984942E-01  4.7037257602983420E+00  6.7233030979074790E+00  0.0000000000000000E+00 -1.4274160536378195E+00  6.1759795863874811E-01 -5.5541556496885480E-01
  7.0699069393525582E-01  2.4282706015279314E+00  4.6079247506795245E+00  9.5345984984157894E+00  1.9403141004081377E+01  4.0795285090982375E+01  9.1889839794418904E-01  4.1148239333477976E-01  0.0000000000000000E+00 -1.6512012054606620E-01  4.7603520215264261E+00  6.7636515968472146E+00  0.0000000000000000E+00 -1.3814783541552784E+00  6.3820009095866315E-01 -5.4744072424289425E-01
  7.2423929560890055E-01  2.3490529863079486E+00  4.4353600162999847E+00  8.7714543984670570E+00  1.7836408205538127E+01  3.7545881267074080E+01  9.1355454725330709E-01  3.2719260541611667E-01  0.0000000000000000E+00 -1.6143705906030575E-01  4.8167769946179710E+00  6.8036186624824522E+00  0.0000000000000000E+00 -1.3337445711809455E+00  6.5897713558532234E-01 -5.3850575254371658E-01
  7.4166091331651962E-01  2.2654044162035185E+00  4.2551357752251926E+00  8.0321484660131617E+00  1.6327904887803822E+01  3.4435413748175641E+01  9.0833548442661005E-01  2.4538925064656497E-01  0.0000000000000000E+00 -1.5748933141072111E-01  4.8728708966226950E+00  6.8431198521272574E+00  0.0000000000000000E+00 -1.2841859017551054E+00  6.7995181674872696E-01 -5.2851343403027495E-01
  7.5924831207636001E-01  2.1774724978097608E+00  4.0678142511227442E+00  7.3194073064648926E+00  1.4882935805319249E+01  3.1473827611540198E+01  9.0325028031331656E-01  1.6619979956479913E-01  0.0000000000000000E+00 -1.5325134423356856E-01  4.9284879951842751E+00  6.8820614368907886E+00  0.0000000000000000E+00 -1.2327729729921291E+00  7.0113558916575935E-01 -5.1735598166104202E-01
  7.7698366914208994E-01  2.0853853758334142E+00  3.8739265583730447E+00  6.6356492840652814E+00  1.3506045826700142E+01  2.8669287076795179E+01  8.9830888585877466E-01  8.9754932893987532E-02  0.0000000000000000E+00 -1.4869501343898550E-01  4.9834648984376066E+00  6.9203394179334987E+00  0.0000000000000000E+00 -1.1794769006853199E+00  7.2252635406722465E-01 -5.0491519324572309E-01
  7.9483652512045766E-01  1.9892543887036687E+00  3.6739770245952421E+00  5.9830101494983872E+00  1.2201071354126391E+01  2.6028288362411711E+01  8.9352220866579857E-01  1.6190515291051449E-02  0.0000000000000000E+00 -1.4378996971282523E-01  5.0376189895119845E+00  6.9578386359743236E+00  0.0000000000000000E+00 -1.1242705831413997E+00  7.4410585667334028E-01 -4.9106314134466361E-01
  8.1276157450421516E-01  1.8891772391333748E+00  3.4684473348518221E+00  5.3633660862379271E+00  1.0971185754307413E+01  2.3555760611519993E+01  8.8890218165671264E-01 -5.4350596896605013E-02  0.0000000000000000E+00 -1.3850390965747064E-01  5.0907469609734477E+00  6.9944319481024024E+00  0.0000000000000000E+00 -1.0671302488676015E+00  7.6583670155117400E-01 -4.7566347269385978E-01
  8.3069627673582291E-01  1.7852417923584700E+00  3.2578003883576589E+00  4.7783541783361976E+00  9.8189391018978665E+00  2.1255156252878088E+01  8.8446182189456379E-01 -1.2171688643775649E-01  0.0000000000000000E+00 -1.3280314558290965E-01  5.1426234844794356E+00  7.0299794934840998E+00  0.0000000000000000E+00 -1.0080373329880676E+00  7.8765893220595873E-01 -4.5857354154207935E-01
  8.4855863812550680E-01  1.6775306561033685E+00  3.0424838904480724E+00  4.2293931791184267E+00  8.7463005971470196E+00  1.9128551433752801E+01  8.8021525799035871E-01 -1.8574682739825810E-01  0.0000000000000000E+00 -1.2665342002612723E-01  5.1930004539206260E+00  7.0643283012325391E+00  0.0000000000000000E+00 -9.4698062227640156E-01  8.0948661219625673E-01 -4.3964767197405358E-01
  8.6624499911237629E-01  1.5661264791364811E+00  2.8229331988811186E+00  3.7177007647853824E+00  7.7546944238932429E+00  1.7176735395693306E+01  8.7617773649595720E-01 -2.4626777781863496E-01  0.0000000000000000E+00 -1.2002103214757896E-01  5.2416065889315160E+00  7.0973121183377286E+00  0.0000000000000000E+00 -8.8395879810281019E-01  8.3120417162550186E-01 -4.1874172687347189E-01
  8.8362839123160686E-01  1.4511180767354670E+00  2.5995734741866232E+00  3.2443111196443390E+00  6.8450403103288124E+00  1.5399316156976306E+01  8.7236557749223609E-01 -3.0309540381755429E-01  0.0000000000000000E+00 -1.1287430791387427E-01  5.2881480095285696E+00  7.1287518098817477E+00  0.0000000000000000E+00 -8.1898323869342859E-01  8.5266327400864794E-01 -3.9571926560038501E-01
  9.0055757429471350E-01  1.3326071599076164E+00  2.3728206196831048E+00  2.8100908568177538E+00  6.0177947471551665E+00  1.3794833469390593E+01  8.6879607951349247E-01 -3.5603372707702646E-01  0.0000000000000000E+00 -1.0518547280733992E-01  5.3323097994153672E+00  7.1584563391572900E+00  0.0000000000000000E+00 -7.5208110462204036E-01  8.7368040159061489E-01 -3.7045936097535737E-01
  9.1685712488748450E-01  1.2107158209819493E+00  2.1430811667574026E+00  2.4157539382814948E+00  5.2729956568729408E+00  1.2360885990469081E+01  8.6548735725814574E-01 -4.0487594783641490E-01  0.0000000000000000E+00 -9.6932961948328289E-02  5.3737588749592895E+00  7.1862245153664137E+00  0.0000000000000000E+00 -6.8329865347727181E-01  8.9403570044762881E-01 -3.4286628848073458E-01
  9.3232922356263481E-01  1.0855939836728739E+00  1.9107507448067060E+00  2.0618771837811689E+00  4.6103163118642803E+00  1.1094285815594434E+01  8.6245809452076405E-01 -4.4940641592082542E-01  0.0000000000000000E+00 -8.8103975601381695E-02  5.4121485770494289E+00  7.2118477397747691E+00  0.0000000000000000E+00 -6.1270439630210372E-01  9.1347416493783640E-01 -3.1288044092951223E-01
  9.4675714586447657E-01  9.5742686882546391E-01  1.6762111128379149E+00  1.7489143646821272E+00  4.0291240183681793E+00  9.9912302714373631E+00  8.5972721479896386E-01 -4.8940378267003498E-01  0.0000000000000000E+00 -7.8697251671861868E-02  5.4471249272726148E+00  7.2351137207784539E+00  0.0000000000000000E+00 -5.4039226607430080E-01  9.3170928738054348E-01 -2.8049052885114795E-01
  9.5991116017404365E-01  8.2644142846418567E-01  1.4398262851643473E+00  1.4772115150875953E+00  3.5285510175382706E+00  9.0475060867472905E+00  8.5731345511683010E-01 -5.2464563642278350E-01  0.0000000000000000E+00 -6.8725931569798809E-02  5.4783348891912311E+00  7.2558113459031812E+00  0.0000000000000000E+00 -4.6648410307217070E-01  9.4843044227332851E-01 -2.4574550000024156E-01
  9.7155664742093140E-01  6.9291124512654023E-01  1.2019381448183681E+00  1.2470221985681933E+00  3.1075737164454678E+00  8.2587156759347309E+00  8.5523485661888365E-01 -5.5491453171007854E-01  0.0000000000000000E+00 -5.8219877859409450E-02  5.5054363603844578E+00  7.2737365526993845E+00  0.0000000000000000E+00 -3.9113129931179269E-01  9.6331393815387356E-01 -2.0876510267887222E-01
  9.8146446117637098E-01  5.5715931030933341E-01  9.6286228821487507E-01  1.0585230173290914E+00  2.7651005100030042E+00  7.6205250395597899E+00  8.5350818154826225E-01 -5.8000542227652629E-01  0.0000000000000000E+00 -4.7227492467334674E-02  5.5281097436920348E+00  7.2886991050997736E+00  0.0000000000000000E+00 -3.1451545894755295E-01  9.7603797240721057E-01 -1.6974781505194730E-01
  9.8942274090781290E-01  4.1955740262401686E-01  7.2288546724307756E-01  9.1182980957995552E-01  2.5000646306481951E+00  7.1289195940122232E+00  8.5214830068920799E-01 -5.9973387209999529E-01  0.0000000000000000E+00 -3.5816220738161042E-02  5.5460701963959442E+00  7.3005297485763014E+00  0.0000000000000000E+00 -2.3684716702786526E-01  9.8630045982239811E-01 -1.2897323312318457E-01
  9.9524957638080180E-01  2.8052252392820998E-01  4.8226523607825006E-01  8.0701276593525273E-01  2.3115165056591018E+00  6.7804570032650764E+00  8.5116757054332493E-01 -6.1394480300219678E-01  0.0000000000000000E+00 -2.4071733490295233E-02  5.5590801608154505E+00  7.3090875198491547E+00  0.0000000000000000E+00 -1.5836341732704806E-01  9.9383875039817804E-01 -8.6798991331740266E-02
  9.9880482096489298E-01  1.4050939720323619E-01  2.4123293590713199E-01  7.4411053550626971E-01  2.1987079429650778E+00  6.5724928097031645E+00  8.5057527885500073E-01 -6.2252052585637285E-01  0.0000000000000000E+00 -1.2095369851516054E-02  5.5669605778980316E+00  7.3142662766279756E+00  0.0000000000000000E+00 -7.9322926586762016E-02  9.9844853724615279E-01 -4.3649817453560960E-02
  9.9999996686321690E-01 -3.9239445026595376E-15 -1.1809997424450103E-14  7.2314138118898375E-01  2.1611598555930671E+00  6.5033604713795636E+00  8.5037719775059917E-01 -6.2538742877879727E-01  0.0000000000000000E+00 -1.1405806854547507E-16  5.5695999607989384E+00  7.3159999767896116E+00  0.0000000000000000E+00 -4.0197879747072561E-16  9.9999995083321225E-01 -2.2204460492503131E-16
  9.9880482096489243E-01 -1.4050939720323730E-01 -2.4123293590713785E-01  7.4411053550627015E-01  2.1987079429650791E+00  6.5724928097031681E+00  8.5057527885500062E-01 -6.2252052585638518E-01  0.0000000000000000E+00  1.2095369851515724E-02  5.5669605778981373E+00  7.3142662766279756E+00  0.0000000000000000E+00  7.9322926586759226E-02  9.9844853724615268E-01  4.3649817453559413E-02
  9.9524957638080225E-01 -2.8052252392821153E-01 -4.8226523607825222E-01  8.0701276593525317E-01  2.3115165056591023E+00  6.7804570032650755E+00  8.5116757054332515E-01 -6.1394480300220367E-01  0.0000000000000000E+00  2.4071733490294622E-02  5.5590801608155154E+00  7.3090875198491556E+00  0.0000000000000000E+00  1.5836341732704592E-01  9.9383875039817826E-01  8.6798991331739128E-02
  9.8942274090781268E-01 -4.1955740262401842E-01 -7.2288546724307967E-01  9.1182980957995685E-01  2.5000646306481982E+00  7.1289195940122294E+00  8.5214830068920799E-01 -5.9973387210001761E-01  0.0000000000000000E+00  3.5816220738159626E-02  5.5460701963961450E+00  7.3005297485763014E+00  0.0000000000000000E+00  2.3684716702786265E-01  9.8630045982239811E-01  1.2897323312318312E-01
  9.8146446117637132E-01 -5.5715931030933430E-01 -9.6286228821487974E-01  1.0585230173290914E+00  2.7651005100030046E+00  7.6205250395597908E+00  8.5350818154826191E-01 -5.8000542227651652E-01  0.0000000000000000E+00  4.7227492467337144E-02  5.5281097436919442E+00  7.2886991050997727E+00  0.0000000000000000E+00  3.1451545894755073E-01  9.7603797240721069E-01  1.6974781505194611E-01
  9.7155664742093095E-01 -6.9291124512654712E-01 -1.2019381448183890E+00  1.2470221985682031E+00  3.1075737164454926E+00  8.2587156759347806E+00  8.5523485661888343E-01 -5.5491453171009320E-01  0.0000000000000000E+00  5.8219877859408145E-02  5.5054363603846159E+00  7.2737365526993845E+00  0.0000000000000000E+00  3.9113129931179191E-01  9.6331393815387356E-01  2.0876510267887183E-01
  9.5991116017404399E-01 -8.2644142846419510E-01 -1.4398262851643779E+00  1.4772115150876111E+00  3.5285510175383097E+00  9.0475060867473811E+00  8.5731345511683010E-01 -5.2464563642274131E-01  0.0000000000000000E+00  6.8725931569794993E-02  5.4783348891908110E+00  7.2558113459031812E+00  0.0000000000000000E+00  4.6648410307216925E-01  9.4843044227332873E-01  2.4574550000024084E-01
  9.4675714586447746E-01 -9.5742686882546923E-01 -1.6762111128379331E+00  1.7489143646821372E+00  4.0291240183682042E+00  9.9912302714374199E+00  8.5972721479896386E-01 -4.8940378267001905E-01  0.0000000000000000E+00  7.8697251671869639E-02  5.4471249272724407E+00  7.2351137207784557E+00  0.0000000000000000E+00  5.4039226607429780E-01  9.3170928738054459E-01  2.8049052885114656E-01
  9.3232922356263404E-01 -1.0855939836728774E+00 -1.9107507448067154E+00  2.0618771837811791E+00  4.6103163118643034E+00  1.1094285815594485E+01  8.6245809452076438E-01 -4.4940641592083752E-01  0.0000000000000000E+00  8.8103975601376561E-02  5.4121485770495958E+00  7.2118477397747682E+00  0.0000000000000000E+00  6.1270439630210638E-01  9.1347416493783584E-01  3.1288044092951334E-01
  9.1685712488748550E-01 -1.2107158209819453E+00 -2.1430811667573915E+00  2.4157539382814810E+00  5.2729956568729097E+00  1.2360885990469013E+01  8.6548735725814563E-01 -4.0487594783636610E-01  0.0000000000000000E+00  9.6932961948329371E-02  5.3737588749586136E+00  7.1862245153664155E+00  0.0000000000000000E+00  6.8329865347726859E-01  8.9403570044762970E-01  3.4286628848073336E-01
  9.0055757429471428E-01 -1.3326071599076177E+00 -2.3728206196831079E+00  2.8100908568177561E+00  6.0177947471551700E+00  1.3794833469390600E+01  8.6879607951349236E-01 -3.5603372707700248E-01  0.0000000000000000E+00  1.0518547280733767E-01  5.3323097994150128E+00  7.1584563391572900E+00  0.0000000000000000E+00  7.5208110462203881E-01  8.7368040159061544E-01  3.7045936097535670E-01
  8.8362839123160775E-01 -1.4511180767354595E+00 -2.5995734741865970E+00  3.2443111196443088E+00  6.8450403103287378E+00  1.5399316156976132E+01  8.7236557749223598E-01 -3.0309540381761751E-01  0.0000000000000000E+00  1.1287430791387774E-01  5.2881480095295936E+00  7.1287518098817504E+00  0.0000000000000000E+00  8.1898323869342649E-01  8.5266327400864883E-01  3.9571926560038445E-01
  8.6624499911237696E-01 -1.5661264791364762E+00 -2.8229331988811053E+00  3.7177007647853628E+00  7.7546944238931967E+00  1.7176735395693203E+01  8.7617773649595709E-01 -2.4626777781861481E-01  0.0000000000000000E+00  1.2002103214757687E-01  5.2416065889309778E+00  7.0973121183377295E+00  0.0000000000000000E+00  8.8395879810280764E-01  8.3120417162550253E-01  4.1874172687347100E-01
  8.4855863812550703E-01 -1.6775306561033712E+00 -3.0424838904480782E+00  4.2293931791184365E+00  8.7463005971470427E+00  1.9128551433752843E+01  8.8021525799035882E-01 -1.8574682739821510E-01  0.0000000000000000E+00  1.2665342002612662E-01  5.1930004539194226E+00  7.0643283012325391E+00  0.0000000000000000E+00  9.4698062227640123E-01  8.0948661219625651E-01  4.3964767197405347E-01
  8.3069627673582358E-01 -1.7852417923584751E+00 -3.2578003883576749E+00  4.7783541783362153E+00  9.8189391018979109E+00  2.1255156252878194E+01  8.8446182189456379E-01 -1.2171688643773756E-01  0.0000000000000000E+00  1.3280314558290585E-01  5.1426234844786265E+00  7.0299794934841016E+00  0.0000000000000000E+00  1.0080373329880659E+00  7.8765893220595928E-01  4.5857354154207891E-01
  8.1276157450421604E-01 -1.8891772391333745E+00 -3.4684473348518208E+00  5.3633660862379182E+00  1.0971185754307395E+01  2.3555760611519965E+01  8.8890218165671264E-01 -5.4350596896604153E-02  0.0000000000000000E+00  1.3850390965746867E-01  5.0907469609733047E+00  6.9944319481024042E+00  0.0000000000000000E+00  1.0671302488675991E+00  7.6583670155117511E-01  4.7566347269385917E-01
  7.9483652512045866E-01 -1.9892543887036687E+00 -3.6739770245952408E+00  5.9830101494983765E+00  1.2201071354126366E+01  2.6028288362411654E+01  8.9352220866579823E-01  1.6190515291052934E-02  0.0000000000000000E+00  1.4378996971282118E-01  5.0376189895137911E+00  6.9578386359743263E+00  0.0000000000000000E+00  1.1242705831413964E+00  7.4410585667334173E-01  4.9106314134466289E-01
  7.7698366914209027E-01 -2.0853853758334155E+00 -3.8739265583730500E+00  6.6356492840652850E+00  1.3506045826700152E+01  2.8669287076795214E+01  8.9830888585877433E-01  8.9754932893929815E-02  0.0000000000000000E+00  1.4869501343899091E-01  4.9834648984345096E+00  6.9203394179334987E+00  0.0000000000000000E+00  1.1794769006853167E+00  7.2252635406722543E-01  5.0491519324572220E-01
  7.5924831207636045E-01 -2.1774724978097635E+00 -4.0678142511227486E+00  7.3194073064648988E+00  1.4882935805319260E+01  3.1473827611540205E+01  9.0325028031331644E-01  1.6619979956476921E-01  0.0000000000000000E+00  1.5325134423356399E-01  4.9284879951834561E+00  6.8820614368907913E+00  0.0000000000000000E+00  1.2327729729921262E+00  7.0113558916576035E-01  5.1735598166104124E-01
  7.4166091331651984E-01 -2.2654044162035198E+00 -4.2551357752251961E+00  8.0321484660131652E+00  1.6327904887803829E+01  3.4435413748175655E+01  9.0833548442660983E-01  2.4538925064666586E-01  0.0000000000000000E+00  1.5748933141072488E-01  4.8728708966246419E+00  6.8431198521272574E+00  0.0000000000000000E+00  1.2841859017551041E+00  6.7995181674872729E-01  5.2851343403027462E-01
  7.2423929560890143E-01 -2.3490529863079539E+00 -4.4353600162999989E+00  8.7714543984670819E+00  1.7836408205538188E+01  3.7545881267074222E+01  9.1355454725330709E-01  3.2719260541638617E-01  0.0000000000000000E+00  1.6143705906030542E-01  4.8167769946218275E+00  6.8036186624824557E+00  0.0000000000000000E+00  1.3337445711809448E+00  6.5897713558532311E-01  5.3850575254371658E-01
  7.0699069393525649E-01 -2.4282706015279274E+00 -4.6079247506795111E+00  9.5345984984157539E+00  1.9403141004081288E+01  4.0795285090982155E+01  9.1889839794418871E-01  4.1148239333491388E-01  0.0000000000000000E+00  1.6512012054606628E-01  4.7603520215281110E+00  6.7636515968472155E+00  0.0000000000000000E+00  1.3814783541552764E+00  6.3820009095866381E-01  5.4744072424289369E-01
  6.8991367453881969E-01 -2.5028882032443809E+00 -4.7722326153215286E+00  1.0318520747924911E+01  2.1021988041373206E+01  4.4171789538056110E+01  9.2435875914169696E-01  4.9813222303264632E-01  0.0000000000000000E+00  1.6856154218985073E-01  4.7037257602999851E+00  6.7233030979074808E+00  0.0000000000000000E+00  1.4274160536378186E+00  6.1759795863874867E-01  5.5541556496885480E-01
  6.7299978328888121E-01 -2.5727135621640498E+00 -4.9276469245711070E+00  1.1119797582176256E+01  2.2685960199368765E+01  4.7661529153285379E+01  9.2992806621018187E-01  5.8701449527204852E-01  0.0000000000000000E+00  1.7178175978969962E-01  4.6470135829296080E+00  6.6826492144661129E+00  0.0000000000000000E+00  1.4715850323652846E+00  5.9713854736958361E-01  5.6251697885132068E-01
  6.5623508459417357E-01 -2.6375302183101330E+00 -5.0734881416039519E+00  1.1934613188876014E+01  2.4387133363302382E+01  5.1248474351262871E+01  9.3559938050131286E-01  6.7799792608294007E-01  0.0000000000000000E+00  1.7479866781264536E-01  4.5903180573723645E+00  6.6417585417733234E+00  0.0000000000000000E+00  1.5140105134830357E+00  5.7678174536043292E-01  5.6882151203971532E-01
  6.3960151020599598E-01 -2.6970968109726359E+00 -5.2090307042247126E+00  1.2758728218570674E+01  2.6116579372840135E+01  5.4914277240030643E+01  9.4136630804689858E-01  7.7094485200869278E-01  0.0000000000000000E+00  1.7762768688717170E-01  4.5337303967668436E+00  6.6006930775442907E+00  0.0000000000000000E+00  1.5547150108989722E+00  5.5648071418238243E-01  5.7439597654791785E-01
  6.2307809659009628E-01 -2.7511469148427112E+00 -5.3335004801123489E+00  1.3587447032847477E+01  2.7864291352454210E+01  5.8638102132527855E+01  9.4722292076805348E-01  8.6570822168522155E-01  0.0000000000000000E+00  1.8028184338967118E-01  4.4773318078070821E+00  6.5595090266722789E+00  0.0000000000000000E+00  1.5937178573709148E+00  5.3618282435140363E-01  5.7929792105705946E-01
  6.0664215008326416E-01 -2.7993896861662639E+00 -5.4460735535216598E+00  1.4415588666517340E+01  2.9619115055439583E+01  6.2396466501789511E+01  9.5316367803280788E-01  9.6212834419746185E-01  0.0000000000000000E+00  1.8277186842984511E-01  4.4211947920364825E+00  6.5182575850318329E+00  0.0000000000000000E+00  1.6310348424570680E+00  5.1583040731045648E-01  5.8357617225806613E-01
  5.9027035431788133E-01 -2.8415110762613001E+00 -5.5458758946202664E+00  1.5237455042833856E+01  3.1368670296395109E+01  6.6163054493926239E+01  9.5918335460902548E-01  1.0600291281873861E+00  0.0000000000000000E+00  1.8510627391182535E-01  4.3653842639675533E+00  6.4769856238367929E+00  0.0000000000000000E+00  1.6666778842977423E+00  4.9536128853855488E-01  5.8727127884195740E-01
  5.7393988352103853E-01 -2.8771762153747620E+00 -5.6319851655143518E+00  1.6046807182643747E+01  3.3099287080630894E+01  6.9908558483888356E+01  9.6527696815388520E-01  1.1592139725684103E+00  0.0000000000000000E+00  1.8729143214426247E-01  4.3099586420787768E+00  6.4357363640481555E+00  0.0000000000000000E+00  1.7006547874614926E+00  4.7470922606212879E-01  5.9041599000264799E-01
  5.5762954725724201E-01 -2.9060329048078488E+00 -5.7034345588483752E+00  1.6836845377795683E+01  3.4795945988847549E+01  7.3600523132622385E+01  9.7143971090808856E-01  1.2594610836563576E+00  0.0000000000000000E+00  1.8933164983427447E-01  4.2549708060530040E+00  6.3945499794793266E+00  0.0000000000000000E+00  1.7329690262313706E+00  4.5380423303357342E-01  5.9303564716875234E-01
  5.4132102513528890E-01 -2.9277166805578050E+00 -5.7592196152384894E+00  1.7600198549906466E+01  3.6442233957529155E+01  7.7203215931790879E+01  9.7766688298633753E-01  1.3605181596641158E+00  0.0000000000000000E+00  1.9122921394519996E-01  4.2004689708381049E+00  6.3534641581121054E+00  0.0000000000000000E+00  1.7636195562711880E+00  4.3257284550339992E-01  5.9514852517058592E-01
  5.2500019056862035E-01 -2.9418577477045407E+00 -5.7983087295587801E+00  1.8328930944271988E+01  3.8020334075699616E+01  8.0677566397010168E+01  9.8395382700503176E-01  1.4620966334631542E+00  0.0000000000000000E+00  1.9298444557022520E-01  4.1464975067720937E+00  6.3125146364275144E+00  0.0000000000000000E+00  1.7926006857294885E+00  4.1093838468636407E-01  5.9676615914245734E-01
  5.0865863391253230E-01 -2.9480901745276560E+00 -5.8196579200251968E+00  1.9014563038714122E+01  3.9511039558606953E+01  8.3981147998658258E+01  9.9029586425878513E-01  1.5638648775151667E+00  0.0000000000000000E+00  1.9459572470500730E-01  4.0930976541715012E+00  6.2717356810148557E+00  0.0000000000000000E+00  1.8199019298493497E+00  3.8882120791122365E-01  5.9789356471674870E-01
  4.9229533125410857E-01 -2.9460638176811140E+00 -5.8222311608447912E+00  1.9648123559235682E+01  4.0893831980195017E+01  8.7068296167541490E+01  9.9668823184116151E-01  1.6654410636707155E+00  0.0000000000000000E+00  1.9605952567416926E-01  4.0403082046278733E+00  6.2311605535542016E+00  0.0000000000000000E+00  1.8455079361725939E+00  3.6613904343073117E-01  5.9852948122585126E-01
  4.7591855320645737E-01 -2.9354593886837721E+00 -5.8050268916865573E+00  2.0220232370982036E+01  4.2147020862209004E+01  8.9890353361211424E+01  1.0031260207820738E+00  1.7663851669562280E+00  0.0000000000000000E+00  1.9737043988634451E-01  3.9881661047467052E+00  6.1908219374705302E+00  0.0000000000000000E+00  1.8693984167020090E+00  3.4280740608709837E-01  5.9866655741527686E-01
  4.5954803402549377E-01 -2.9160073387333902E+00 -5.7671121548511630E+00  2.0721227338861105E+01  4.3247974098783260E+01  9.2396108951174384E+01  1.0096041142912595E+00  1.8661902785442241E+00  0.0000000000000000E+00  1.9852119891555814E-01  3.9367070093939907E+00  6.1507523409093343E+00  0.0000000000000000E+00  1.8915481124928399E+00  3.1874015821305030E-01  5.9829152615665981E-01
  4.4321732110721623E-01 -2.8875103976691223E+00 -5.7076642809471485E+00  2.1141345195510471E+01  4.4173464696783327E+01  9.4532497176682611E+01  1.0161171285060004E+00  1.9642740589938881E+00  0.0000000000000000E+00  1.9950271080071708E-01  3.8859657894526696E+00  6.1109844732348586E+00  0.0000000000000000E+00  1.9119268330152761E+00  2.9385027021871934E-01  5.9738543295212110E-01
  4.2697645763569914E-01 -2.8498710479412717E+00 -5.6260223476110740E+00  2.1470966409004724E+01  4.4900152858266651E+01  9.6245595134438844E+01  1.0226593521487153E+00  2.0599695125186699E+00  0.0000000000000000E+00  2.0030410850518160E-01  3.8359769794282355E+00  6.0715515948119112E+00  0.0000000000000000E+00  1.9304995070367101E+00  2.6805081549586068E-01  5.9592384957635058E-01
  4.1089471276441386E-01 -2.8031224663567476E+00 -5.5217460412367716E+00  2.1700933989613695E+01  4.5405234701324559E+01  9.7482008099861275E+01  1.0292246907736700E+00  2.1525172934561971E+00  0.0000000000000000E+00  2.0091282109525838E-01  3.7867751793283095E+00  6.0324878342981449E+00  0.0000000000000000E+00  1.9472263486885426E+00  2.4125626557893159E-01  5.9387721054209186E-01
  3.9506347831687932E-01 -2.7474636903542380E+00 -5.3946829461690786E+00  2.1822953851923874E+01  4.5667272997168268E+01  9.8190680839125093E+01  1.0358066122568304E+00  2.2410593330782351E+00  0.0000000000000000E+00  2.0131467437576397E-01  3.7383953983016660E+00  5.9938284737210727E+00  0.0000000000000000E+00  1.9620630835243595E+00  2.1338412834130749E-01  5.9121122706790064E-01
  3.7959914950159762E-01 -2.6832980466147345E+00 -5.2450424049046127E+00  2.1830086276050270E+01  4.5667237994117954E+01  9.8325216531375148E+01  1.0423980954884053E+00  2.3246357250769263E+00  0.0000000000000000E+00  2.0149403079078571E-01  3.6908733414025514E+00  5.9556101962641250E+00  0.0000000000000000E+00  1.9749612819636759E+00  1.8435700314109202E-01  5.8788745209346827E-01
  3.6464557154000743E-01 -2.6112710344774861E+00 -5.0734685157780817E+00  2.1717306584360678E+01  4.5389721345688358E+01  9.7846644981406357E+01  1.0489915878130667E+00  2.4021877664148734E+00  0.0000000000000000E+00  2.0143398669599166E-01  3.6442456221140471E+00  5.9178712746759556E+00  0.0000000000000000E+00  1.9858688414511629E+00  1.5410501831469239E-01  5.8386405588290713E-01
  3.5037620687938487E-01 -2.5323088053890901E+00 -4.8811134805866239E+00  2.1482151358372139E+01  4.4824357258452423E+01  9.6726728003983652E+01  1.0555789645706481E+00  2.4725686425234588E+00  0.0000000000000000E+00  2.0111661801860559E-01  3.5985499060634312E+00  5.8806517150073283E+00  0.0000000000000000E+00  1.9947305850834909E+00  1.2256879676112416E-01  5.7909680827564314E-01
  3.3699512419351507E-01 -2.4476483804593179E+00 -4.6696941630846807E+00  2.1125374806319119E+01  4.3967302942278096E+01  9.4951502358203243E+01  1.0621515032435374E+00  2.5345673035938452E+00  0.0000000000000000E+00  2.0052330462303092E-01  3.5538249558119612E+00  5.8439933113195037E+00  0.0000000000000000E+00  2.0014890615359175E+00  8.9702766014192109E-02  5.7354036286443189E-01
  3.2473682472711640E-01 -2.3588586464885548E+00 -4.4415287598374515E+00  2.0651594548650316E+01  4.2822727375614065E+01  9.2524946690097636E+01  1.0686998660784575E+00  2.5869482212287354E+00  0.0000000000000000E+00  1.9963512260238453E-01  3.5101105795668293E+00  5.8079396229860158E+00  0.0000000000000000E+00  2.0060855115851295E+00  5.5478888809232976E-02  5.6714982762283828E-01
  3.1386425095408033E-01 -2.2678449121099336E+00 -4.1995391245279867E+00  2.0069841730456869E+01  4.1404123964913971E+01  8.9472360796121606E+01  1.0752140967343149E+00  2.6285121977848553E+00  0.0000000000000000E+00  1.9843332139658540E-01  3.4674474639064239E+00  5.7725358489320060E+00  0.0000000000000000E+00  2.0084610459519561E+00  1.9890698121036710E-02  5.5988267427577210E-01
  3.0466437152899095E-01 -2.1768289565301702E+00 -3.9472034431994385E+00  1.9393877516400675E+01  3.9735134000445164E+01  8.5842709176768324E+01  1.0816836372937761E+00  2.6581790706808484E+00  0.0000000000000000E+00  1.9689987771425060E-01  3.4258768766913557E+00  5.7378285771208049E+00  0.0000000000000000E+00  2.0085580160935161E+00 -1.7042745784199176E-02  5.5170092485749889E-01
  2.9744126169273349E-01 -2.0883040909242090E+00 -3.6884584461724956E+00  1.8642234097653919E+01  3.7849765955710289E+01  8.1709615157351607E+01  1.0880973592544250E+00  2.6750928781045960E+00  0.0000000000000000E+00  1.9501813987904248E-01  3.3854402386794802E+00  5.7038654165643612E+00  0.0000000000000000E+00  2.0063215962603231E+00 -5.5272817377368340E-02  5.4257365238633348E-01
  2.9250603963938032E-01 -2.0049568329052034E+00 -3.4275387508392177E+00  1.7837780869967663E+01  3.5791548349391469E+01  7.7169837703765438E+01  1.0944436224530751E+00  2.6787375291131661E+00  0.0000000000000000E+00  1.9277354440545363E-01  3.3461785523150303E+00  5.6706944800131511E+00  0.0000000000000000E+00  2.0017015111773691E+00 -9.4718061924780272E-02  5.3247959041814874E-01
  2.9016396779759024E-01 -1.9295615196934974E+00 -3.1687702127659314E+00  1.7006835492788678E+01  3.3611634404000426E+01  7.2339171328752201E+01  1.1007103536481990E+00  2.6690500373432613E+00  0.0000000000000000E+00  1.9015434022294858E-01  3.3081317046518746E+00  5.6383637412027463E+00  0.0000000000000000E+00  1.9946538976918007E+00 -1.3526164039922384E-01  5.2140982860482943E-01
  2.9069878623190365E-01 -1.8648500972321831E+00 -2.9163283974091607E+00  1.6177778740595748E+01  3.1365758285941780E+01  6.7345438787627856E+01  1.1068851525576504E+00  2.6465057276085466E+00  0.0000000000000000E+00  1.8715247577753663E-01  3.2713376389907896E+00  5.6069202518176207E+00  0.0000000000000000E+00  1.9851432422641475E+00 -1.7675005178293843E-01  5.0937035956176868E-01
  2.9435556334091573E-01 -1.8133716666391861E+00 -2.6739983711770829E+00  1.5379314573917778E+01  2.9110373338609445E+01  6.2319289257290720E+01  1.1129554255766598E+00  2.6121448834451408E+00  0.0000000000000000E+00  1.8376435526634519E-01  3.2358314509650681E+00  5.5764092606110847E+00  0.0000000000000000E+00  1.9731442257769567E+00 -2.1899373386953985E-01  4.9638415797612101E-01
  3.0132255989884871E-01 -1.7773525789179474E+00 -2.4449626795493851E+00  1.4638594656712407E+01  2.6898512932406781E+01  5.7384126362072045E+01  1.1189085440689253E+00  2.5675313251501120E+00  0.0000000000000000E+00  1.7999165307681039E-01  3.2016444016278882E+00  5.5468732362336581E+00  0.0000000000000000E+00  1.9586435402883189E+00 -2.6176931369139750E-01  4.8249282521489223E-01
  3.1171471917783022E-01 -1.7585770277966384E+00 -2.2316565147373901E+00  1.3979498803406663E+01  2.4776089796968165E+01  5.2646953664379708E+01  1.1247320279377795E+00  2.5146297237217188E+00  0.0000000000000000E+00  1.7584198364100828E-01  3.1688029589253413E+00  5.5183508800275289E+00  0.0000000000000000E+00  1.9416413488257063E+00 -3.0482434116643209E-01  4.6775721441838974E-01
  3.2555981974388903E-01 -1.7582961303158742E+00 -2.0356987925319023E+00  1.3421315485502589E+01  2.2779232346431890E+01  4.8191721645224632E+01  1.1304137489529757E+00  2.4556305916204142E+00  0.0000000000000000E+00  1.7132940753047679E-01  3.1373278684772625E+00  5.4908761429160791E+00  0.0000000000000000E+00  1.9221524641952017E+00 -3.4788389112195556E-01  4.5225716792630599E-01
  3.4278904747739691E-01 -1.7771715141661812E+00 -1.8578978973496159E+00  1.2977961984730861E+01  2.0932997530920105E+01  4.4076139067330644E+01  1.1359421485392789E+00  2.3927523841179763E+00  0.0000000000000000E+00  1.6647477556113030E-01  3.1072333343966356E+00  5.4644773166175629E+00  0.0000000000000000E+00  1.9002070824052757E+00 -3.9065902414112347E-01  4.3609007171266473E-01
  3.6323467773265211E-01 -1.8152655142679786E+00 -1.6983335670931292E+00  1.2657849032145450E+01  1.9251601396701094E+01  4.0332255512623838E+01  1.1413064590453577E+00  2.3280654333910666E+00  0.0000000000000000E+00  1.6130571302496746E-01  3.0785264027735399E+00  5.4391762917793312E+00  0.0000000000000000E+00  1.8758509031348485E+00 -4.3285660206466509E-01  4.1936831471243391E-01
  3.8663347802001902E-01 -1.8720611588081242E+00 -1.5564717758024156E+00  1.2464177775189800E+01  1.7739646803710649E+01  3.6969606803582984E+01  1.1464969258900299E+00  2.2633619428498934E+00  0.0000000000000000E+00  1.5585628031687898E-01  3.0512065009435818E+00  5.4149879479634411E+00  0.0000000000000000E+00  1.8491448395493857E+00 -4.7418967156655883E-01  4.0221586144378962E-01
  4.1263795914237711E-01 -1.9465210024763189E+00 -1.4313072119881900E+00  1.2395631051235387E+01  1.6394098578488475E+01  3.3980187663643818E+01  1.1515050028846712E+00  2.2000886269528754E+00  0.0000000000000000E+00  1.5016621900348304E-01  3.0252653031841832E+00  5.3919198404383186E+00  0.0000000000000000E+00  1.8201640226253037E+00 -5.1438760832296704E-01  3.8476399035377412E-01
  4.4083280768509736E-01 -2.0371672229943707E+00 -1.3215018705999531E+00  1.2447200832862171E+01  1.5206372598111656E+01  3.1343654729076533E+01  1.1563235241719705E+00  2.1393318900558711E+00  0.0000000000000000E+00  1.4427989777702999E-01  3.0006868096791743E+00  5.3699720898448762E+00  0.0000000000000000E+00  1.7889964094199322E+00 -5.5320526680203830E-01  3.6714672587658043E-01
  4.7075580514836107E-01 -2.1421812699480776E+00 -1.2255151234655910E+00  1.2611077942422224E+01  1.4164310897105105E+01  2.9032132035489653E+01  1.1609468358777508E+00  2.0818434667175998E+00  0.0000000000000000E+00  1.3824489162252795E-01  2.9774476917613018E+00  5.3491375303397337E+00  0.0000000000000000E+00  1.7557409506495583E+00 -5.9043053113613475E-01  3.4949621380387746E-01
  5.0192077715206929E-01 -2.2595129613698957E+00 -1.1417145827417927E+00  1.2877506459532736E+01  1.3253826931485950E+01  2.7014091814596171E+01  1.1653708689495077E+00  2.0280901289297066E+00  0.0000000000000000E+00  1.3211037867006101E-01  2.9555179032862178E+00  5.3294021292781428E+00  0.0000000000000000E+00  1.7205054288082957E+00 -6.2588946855439975E-01  3.3193847381758868E-01
  5.3384026972141196E-01 -2.3869881796442955E+00 -1.0684641534690373E+00  1.3235533364765626E+01  1.2460146646855772E+01  2.5257170460365430E+01  1.1695931731141513E+00  1.9783089163711931E+00  0.0000000000000000E+00  1.2592546615934033E-01  2.9348614197484491E+00  5.3107455453672205E+00  0.0000000000000000E+00  1.6834042022133697E+00 -6.5944946591664411E-01  3.1458969551700522E-01
  5.6604614729507163E-01 -2.5224109549306113E+00 -1.0041909961951969E+00  1.3673662826669922E+01  1.1768694794142950E+01  2.3730054079186274E+01  1.1736128798391674E+00  1.9325634342506550E+00  0.0000000000000000E+00  1.1973756883336427E-01  2.9154371757966078E+00  5.2931419083865014E+00  0.0000000000000000E+00  1.6445558441422563E+00 -6.9101960031685561E-01  2.9755345944255268E-01
  5.9810651908149226E-01 -2.6636510658910675E+00 -9.4743238144468778E-01  1.4180383422845541E+01  1.1165669611866255E+01  2.2403599400446105E+01  1.1774306262970540E+00  1.8907917132259286E+00  0.0000000000000000E+00  1.1359099074112053E-01  2.8972000379288145E+00  5.2765606572623351E+00  0.0000000000000000E+00  1.6040809192477754E+00 -7.2054920270075495E-01  2.8091881467123109E-01
  6.2963841004719934E-01 -2.8087154751609353E+00 -8.9686584236934919E-01  1.4744586521067435E+01  1.0638386142145340E+01  2.1251405651519555E+01  1.1810484349758992E+00  1.8528457637953140E+00  0.0000000000000000E+00  1.0752575199600375E-01  2.8801018125243818E+00  5.2609674413476029E+00  0.0000000000000000E+00  1.5620999086359644E+00 -7.4802469344352529E-01  2.6475928264569726E-01
  6.6031526654444428E-01 -2.9557985621272493E+00 -8.5132352520617793E-01  1.5355866630273308E+01  1.0175438393351426E+01  2.0249996959198317E+01  1.1844695538010732E+00  1.8185226960799163E+00  0.0000000000000000E+00  1.0157677655688910E-01  2.8640922393366561E+00  5.2463250399264361E+00  0.0000000000000000E+00  1.5187314164228991E+00 -7.7346503227674646E-01  2.4913276596257317E-01
  6.8987070418362073E-01 -3.1033157526486304E+00 -8.0979702186739178E-01  1.6004732121572410E+01  9.7667543688265717E+00  1.9378792189019485E+01  1.1876982866410275E+00  1.7875875760413957E+00  0.0000000000000000E+00  9.5773400873089137E-02  2.8491199031521672E+00  5.2325942201169511E+00  0.0000000000000000E+00  1.4740906353636978E+00 -7.9691676888868823E-01  2.3408201429589215E-01
  7.1809785674445570E-01 -3.2499175748630438E+00 -7.7143205513921076E-01  1.6682720000510667E+01  9.4035580083846693E+00  1.8619908191034224E+01  1.1907398020228706E+00  1.7597903420815555E+00  0.0000000000000000E+00  9.0139242464485847E-02  2.8351330681179805E+00  5.2197345513848390E+00  0.0000000000000000E+00  1.4282881552083138E+00 -8.1844853337612555E-01  2.1963577491376041E-01
  7.4484625940239546E-01 -3.3944909615528367E+00 -7.3551852357319247E-01  1.7382445710820548E+01  9.0782919326544587E+00  1.7957915910658013E+01  1.1935999494683265E+00  1.7348775210214149E+00  0.0000000000000000E+00  8.4692307813712217E-02  2.8220803940855759E+00  5.2077051175082865E+00  0.0000000000000000E+00  1.3814290495023811E+00 -8.3814584219490018E-01  2.0581018475707225E-01
  7.7001657854939531E-01 -3.5361490945601388E+00 -7.0147660729978045E-01  1.8097595294429716E+01  8.7845099510983964E+00  1.7379565182297153E+01  1.1962850805225018E+00  1.7126003100385849E+00  0.0000000000000000E+00  7.9445325390389204E-02  2.8099115438091515E+00  5.1964651385658254E+00  0.0000000000000000E+00  1.3336122425490271E+00 -8.5610619793600340E-01  1.9261039538746974E-01
  7.9355395860094502E-01 -3.6742125870796416E+00 -6.6884061232308734E-01  1.8822871329212965E+01  8.5167532233879673E+00  1.6873503876007433E+01  1.1988018828020599E+00  1.6927197976387642E+00  0.0000000000000000E+00  7.4406248724547402E-02  2.7985776647882989E+00  5.1859744852401199E+00  0.0000000000000000E+00  1.2849301583534092E+00 -8.7243472539184075E-01  1.8003229871748672E-01
  8.1544123148660441E-01 -3.8081877177333867E+00 -6.3724334704151797E-01  1.9553919720823547E+01  8.2704328408344363E+00  1.6430029952442020E+01  1.2011572338129011E+00  1.6750102905416462E+00  0.0000000000000000E+00  6.9578806987142708E-02  2.7880317783294997E+00  5.1761941029707543E+00  0.0000000000000000E+00  1.2354685190091059E+00 -8.8724049105687308E-01  1.6806414084740007E-01
  8.3569173779303241E-01 -3.9377403939730522E+00 -6.0639996201939983E-01  2.0287229469993800E+01  8.0417075401001856E+00  1.6040849804017334E+01  1.2033580721053334E+00  1.6592610713765437E+00  0.0000000000000000E+00  6.4963138148014840E-02  2.7782290503230977E+00  5.1670863332271857E+00  0.0000000000000000E+00  1.1853063869527334E+00 -9.0063343349022018E-01  1.5668811241873448E-01
  8.5434283608378303E-01 -4.0626711939812186E+00 -5.7609369401568655E-01  2.1020031820631882E+01  7.8273765909512907E+00  1.5698876271690485E+01  1.2054112899637794E+00  1.6452772589231719E+00  0.0000000000000000E+00  6.0556383620332860E-02  2.7691269898076882E+00  5.1586151605065824E+00  0.0000000000000000E+00  1.1345162922213956E+00 -9.1272195667330847E-01  1.4588172744441175E-01
  8.7144995152052906E-01 -4.1828910348059800E+00 -5.4616295036752360E-01  2.1750196622149367E+01  7.6247813799327266E+00  1.5398048948229336E+01  1.2073236446890989E+00  1.6328799380640719E+00  0.0000000000000000E+00  5.6353273450384267E-02  2.7606855711445801E+00  5.1507463865770067E+00  0.0000000000000000E+00  1.0831644719831930E+00 -9.2361108103488065E-01  1.3561904949050788E-01
  8.8708133752309948E-01 -4.2983983918194717E+00 -5.1648985724273844E-01  2.2476130189596653E+01  7.4317166986314671E+00  1.5133177095556633E+01  1.2091016890265256E+00  1.6219057759971565E+00  0.0000000000000000E+00  5.2346637660503625E-02  2.7528672847213111E+00  5.1434477354999881E+00  0.0000000000000000E+00  1.0313112104640996E+00 -9.3340112215443238E-01  1.2587173961409154E-01
  9.0131372528410991E-01 -4.4092596373338120E+00 -4.8699083801786219E-01  2.3196684664867067E+01  7.2463571434817684E+00  1.4899812472013121E+01  1.2107517154461502E+00  1.6122064853498859E+00  0.0000000000000000E+00  4.8527870289337319E-02  2.7456371628081797E+00  5.1366889272749843E+00  0.0000000000000000E+00  9.7901117319030062E-01 -9.4218674478868780E-01  1.1660991135363487E-01
  9.1422865511298468E-01 -4.5155912860634917E+00 -4.5760845040745374E-01  2.3911071544135428E+01  7.0671903209289120E+00  1.4694134017381751E+01  1.2122797172559068E+00  1.6036479295553729E+00  0.0000000000000000E+00  4.4887327705914158E-02  2.7389627401759928E+00  5.1304416899391319E+00  0.0000000000000000E+00  9.2631382842121668E-01 -9.5005642357322140E-01  1.0780283908558468E-01
  9.2590958241563948E-01 -4.6175453558806403E+00 -4.2830490864409387E-01  2.4618788132097553E+01  6.8929628095946853E+00  1.4512855901701469E+01  1.2136913594225693E+00  1.5961092578705989E+00  0.0000000000000000E+00  4.1414653566189369E-02  2.7328140071665032E+00  5.1246797568249427E+00  0.0000000000000000E+00  8.7326383671657937E-01 -9.5709213269232862E-01  9.9419507378049582E-02
  9.3643958033003161E-01 -4.7152969752491369E+00 -3.9905684538524810E-01  2.5319552404036585E+01  6.7226342017617213E+00  1.4353148448990469E+01  1.2149919596389043E+00  1.5894819540794649E+00  0.0000000000000000E+00  3.8099050771531758E-02  2.7271633366783607E+00  5.1193788359072645E+00  0.0000000000000000E+00  8.1990145321124397E-01 -9.6336925143787633E-01  9.1429037492670048E-02
  9.4589959588572525E-01 -4.8090341545350093E+00 -3.6985108921855292E-01  2.6013246192902034E+01  6.5553381324502711E+00  1.4212570682558608E+01  1.2161864787444314E+00  1.5836688588067001E+00  0.0000000000000000E+00  3.4929489499823677E-02  2.7219853891433901E+00  5.1145165549178753E+00  0.0000000000000000E+00  7.6626293795465150E-01 -9.6895665230791572E-01  8.3801000870385139E-02
  9.5436713636721771E-01 -4.8989495834518788E+00 -3.4068140743189512E-01  2.6699867873871192E+01  6.3903511808207885E+00  1.4089016670277495E+01  1.2172795140106016E+00  1.5785833193109964E+00  0.0000000000000000E+00  3.1894877814597919E-02  2.7172570302319108E+00  5.1100724125048860E+00  0.0000000000000000E+00  7.1238091719772278E-01 -9.7391684680393020E-01  7.6505647786489883E-02
  9.6191536509936004E-01 -4.9852340602153422E+00 -3.1154597953664215E-01  2.7379491280980204E+01  6.2270660872129984E+00  1.3980667169518380E+01  1.2182753012008500E+00  1.5741482620515439E+00  0.0000000000000000E+00  2.8984183748940816E-02  2.7129572204840113E+00  5.1060277015770570E+00  0.0000000000000000E+00  6.5828476500669275E-01 -9.7830627378923740E-01  6.9514052952152697E-02
  9.6861243727788326E-01 -5.0680712381058193E+00 -2.8244563226287028E-01  2.8052231569668173E+01  6.0649715197849154E+00  1.3885952023843624E+01  1.2191777169898694E+00  1.5702954174120507E+00  0.0000000000000000E+00  2.6186523707117791E-02  2.7090669229840536E+00  5.1023654446213236E+00  0.0000000000000000E+00  6.0400093432198532E-01 -9.8217555816718360E-01  6.2798204470096930E-02
  9.7452110351420851E-01 -5.1476335630405625E+00 -2.5338236498614469E-01  2.8718216048889552E+01  5.9036342932604740E+00  1.3803517296685168E+01  1.2199902848578648E+00  1.5669645807229793E+00  0.0000000000000000E+00  2.3491226730890602E-02  2.7055690075669436E+00  5.0990703233759369E+00  0.0000000000000000E+00  5.4955327942252830E-01 -9.8556984380160606E-01  5.6331045694197633E-02
  9.7969850343877618E-01 -5.2240791916771494E+00 -2.2435839646194300E-01  2.9377559843761048E+01  5.7426854665803591E+00  1.3732197455346491E+01  1.2207161838908938E+00  1.5641029081462239E+00  0.0000000000000000E+00  2.0887866780087049E-02  2.7024481527213524E+00  5.0961286039628062E+00  0.0000000000000000E+00  4.9496336172739108E-01 -9.8852913576776336E-01  5.0086473099192841E-02
  9.8419599810863356E-01 -5.2975492867903133E+00 -1.9537557847342937E-01  3.0030344054861168E+01  5.5818102452696801E+00  1.3670994157727009E+01  1.2213582551679942E+00  1.5616643630105687E+00  0.0000000000000000E+00  1.8366284549109404E-02  2.6996907694969461E+00  5.0935280793506523E+00  0.0000000000000000E+00  4.4025071722697334E-01 -9.9108856288491487E-01  4.4039311972348179E-02
  9.8805922170710891E-01 -5.3681663120045187E+00 -1.6643489762634001E-01  3.0676598089831764E+01  5.4207384530007490E+00  1.3619055982612521E+01  1.2219190125682793E+00  1.5596091324672470E+00  0.0000000000000000E+00  1.5916592646273466E-02  2.6972849126594323E+00  5.0912579988552205E+00  0.0000000000000000E+00  3.8543312625596127E-01 -9.9327873032644654E-01  3.8165261544007997E-02
  9.9132809762834284E-01 -5.4360323696220192E+00 -1.3753629507664353E-01  3.1316283033115283E+01  5.2592383444580033E+00  1.3575663542084044E+01  1.2224006503951146E+00  1.5579031800063770E+00  0.0000000000000000E+00  1.3529159158057139E-02  2.6952202141972372E+00  5.0893090158477214E+00  0.0000000000000000E+00  3.3052684877986077E-01 -9.9512596853491453E-01  3.2440828563724704E-02
  9.9403690854206694E-01 -5.5012278332926190E+00 -1.0867859751386458E-01  3.1949276324838571E+01  5.0971116889484813E+00  1.3540216783493387E+01  1.2228050515568276E+00  1.5565178476522195E+00  0.0000000000000000E+00  1.1194600971079027E-02  2.6934878195817644E+00  5.0876731367291237E+00  0.0000000000000000E+00  2.7554685086332037E-01 -9.9665257195466239E-01  2.6843245403504561E-02
  9.9621445346177873E-01 -5.5638104918410356E+00 -7.9859508976428961E-02  3.2575359020222486E+01  4.9341896309004927E+00  1.3512223675889468E+01  1.2231337963353444E+00  1.5554294762723786E+00  0.0000000000000000E+00  8.9037518912499173E-03  2.6920803273205167E+00  5.0863436716204635E+00  0.0000000000000000E+00  2.2050701790799959E-01 -9.9787705520828596E-01  2.1350377855012134E-02
  9.9788408051376198E-01 -5.6238141661934664E+00 -5.1075767197897262E-02  3.3194200645677633E+01  4.7703308270041660E+00  1.3491292992610699E+01  1.2233881671698956E+00  1.5546191673709233E+00  0.0000000000000000E+00  6.6476326252378516E-03  2.6909917500614497E+00  5.0853152034333560E+00  0.0000000000000000E+00  1.6542034954132834E-01 -9.9881428637247160E-01  1.5940629651305886E-02
  9.9906385357079897E-01 -5.6812480199797566E+00 -2.2323281961038048E-02  3.3805347305608947E+01  4.6054194071850709E+00  1.3477126677499058E+01  1.2235691561366946E+00  1.5540725086745337E+00  0.0000000000000000E+00  4.4174244209286475E-03  2.6902174680521620E+00  5.0845835491364575E+00  0.0000000000000000E+00  1.1029915234548020E-01 -9.9947568590894775E-01  1.0592837397408499E-02
  9.9976660781860383E-01 -5.7360953787609468E+00  6.4026349849768596E-03  3.4408207356986800E+01  4.4393645652910791E+00  1.3469515401643676E+01  1.2236774684321388E+00  1.5537794175892881E+00  0.0000000000000000E+00  2.2044199819451936E-03  2.6897542036647861E+00  5.0841457392036773E+00  0.0000000000000000E+00  5.5155218245557566E-02 -9.9986932487643243E-01  5.2861660104580538E-03
